function [A,B,C,D] = fc_ext_created_sys_004 
A = [...
-1.25020104260565400 +0.70883039380385138 
+0.70883039380385138 -2.00650870544746730 
];
B = [...
-0.00000000000000000 
-0.19605348780733281 
];
C = [...
+1.41931015064254940 +0.29158437398418252 
];
D = [...
+0.19781105346436073 
];
end