function [A,B,C,D] = fc_ext_created_sys_003 
A = [...
-0.95494126804968793 +0.25870041239723374 
+0.25870041239723385 -0.54710787778825987 
];
B = [...
-0.76966591375368187 
+0.37137881276005774 
];
C = [...
-0.22558440227125193 +1.11735613881446660 
];
D = [...
+0.00000000000000000 
];
end