function [A,B,C,D] = fc_ext_created_sys_001 
A = [...
-1.10075630690999330 +0.37328507806917716 
+0.37328507806917710 -0.95606000750744147 
];
B = [...
+0.72540422494610557 
-0.06305487318965619 
];
C = [...
+0.00000000000000000 -0.20496605829977463 
];
D = [...
-0.12414434821631191 
];
end