function [A,B,C,D] = fc_ext_created_sys_005 
A = [...
-1.19316900541089830 +0.09349516697258267 
+0.09349516697258246 -0.52615956237192774 
];
B = [...
+0.84037552975390539 
-0.88803208232901032 
];
C = [...
+0.10009283313932248 -0.54452892999054769 
];
D = [...
+0.30352079464935428 
];
end