function [A,B,C,D] = fc_ext_created_sys_002 
A = [...
-0.84213195673194208 +0.43968703276375865 
+0.43968703276375870 -0.95455915221345355 
];
B = [...
-2.94428416199489630 
+1.43838029281509840 
];
C = [...
+0.32519053945619786 -0.00000000000000000 
];
D = [...
+0.00000000000000000 
];
end